42
8126656
1188326
59881128318376446
25715653
4563861761
43578831776292387987
749691168526
1874852266
41286636143174
893326565346
89239753765262252326
846692269667117611
8288614
116699286715149
3977665521554
16574462389
21565757537661626223
537598685878955877
337667226
59275191972
691925882353872
77485947141
69932675434
3619138854
57121494412154
88149814944375
983658525262362386
9945445197232
4478439237
5165552459421338
763966497
44424526224721
737173
4131943538312
92931939
819713246
5975689533
7179794373288
41153666294378542848
52473166833525144
86734643866964391617
87389
