103
522851235657583689
735384
21584
678776888293946416
27651815434335389
76651763571581881
341278597199865274
6378238281296
284646
27455278
19317958734369389787
5266875
61217913
893778137
265186745
451975854768895446
11859685838854829
54897
1437722814421
65638777665378188467
4852376
965369759786
12522253486
3799964179985
2746784298139636417
539242178995638
47257297
7891837788
66339725521461947
8924967281281413638
2231537158
8924261841
25719872356
3613466898564968183
2316147521
94712223959641716
78227599255
41976656912
5654876324165442
1584844637679
396243791656
5136534162528
139955726218933656
9464768
848149268687
232577243454
5585392279459547569
716216516
1122454
17341883147682333
725418315311817723
89656588662744311167
924828424965979566
238186728918122357
253655554236673
786429643191
5534548763
13123754511
289376
36147358374188993191
1823815674215824
847941527
94726641815
31391352
1862191922
3972952416454
5595765864776331145
94112956882685649465
466354157
3843759879684
39664178345457723752
1926529225
754112733597161
6175841773847883
954731347
614644
728673
6835847652974467
258274853511538
9528911235791
53536
9711174774
183255663
3438561675
46994231393694
89624
8431214649
9636763456359744
4694373698
36991427
23523816
68726819571364714
17229729166
7251383925
32334657271117988635
1479951494466774
8886785477
9681195888536247295
963749
7429955178286
87258966711316661535
79559
227139
