81
59995572497811374423
322944943
781851654269447136
429343998281347573
237623253457388
7448721526442757649
3583344294
624417986875
38856274446856693121
28693328241
6168788977457784
39477242351256594911
469642591521718824
135795
325727415451
5799777
468642
5627251334
7625322472386664897
5366228188854
41496461884357754
232534887746
1844538
185768676774
616298541456
79933
49923969845372346194
76425424798
385253683717583
38973221769738489146
527649
6857175121
696466561
6461999993
7459168857981831
31222628726152
111527125373747
493154689246
1186932981284645
9412833548551197272
92644
27176183342518
45249829249821261138
1176711976357
28357669364245468
5855699163238875689
9597155
332182729
69285315653
25167
84483593
2364779
79852
513759234343
283365617912129
33879657112398
5153818292243
31282542155593846
71811548
22641471
539526647531589
384265
22229996294585
1535147636373549526
4658835911885523953
7393426217285685362
58228
5842712
75359248359
14714368635
8971447218881678
445136926
92714867
1882776782253591
1534696669358234127
2591112289575696
5325796
57534191783
35244843388138843
527155144511
77662247555
