63
8469845
941356388715427174
58761278359713737184
2344375372245492
28827455138
75538689932
3338523
27325139296787755136
4626181
3214265163262
66573482946159
14152876635215649934
73949452876
78289264493137281
9717979326
34987
615361494736365
7417599612
37858352365
139331244666689
34454982248412894
8351275459
465329665268423864
7544236254922122
37551717297169894561
21765
8583565941475424
743138938779483
86129849129299557
5399711368134
8676153995
53255
4193477172286145
68293443333
1281174777
29286527674
54229441123353
13986929783382
855366987
337776153772
9184684114822
25556765555457254
1731487715151522
239497
3621134
3981329646173
8813325319867874394
998321931638
874483
76313372
64195485355226919
57183331
7913527136183568695
6313496594
767959239
5665947
71952334635592
8177324819
973132114
8249699357595
15368698597698339967
11871794161
137221328542988272
