67
162746273911624516
793196854268876664
93439314633586
93871464747
8128742
514515614634
36529772337
81488624927727211791
9741839925
293347196473
45476585399762
332738158
76311463
349626399677
968376739331559
93934694
2467675779126921
969998
2824511663
76768
76319
319982394
33928
131936796687865768
24575
6412194338349821955
88991665167472
52115244
96562723664759
85569756321
67585137124967423
227484843
648849
9241643697
728973666835
366253571
556973934242594
19115419792595
557651836
7483637815158
9726329
75566752666
4215332
7944187141991214
717658928876721
544346139752518879
19151574688239764875
9365577
9484221
92742
79192284
267391
466639371389258
131367144464938354
29889642
758126923581976442
1519147241682563541
824948948124244195
22975269614876
18791344263669941597
238244658912918448
58132189931936
1226473519681729777
462829626456
9867735129
979893877184799699
59247
