92
5439853387713592
1955534658
891165736554
96762552
562882295265527
22597599
187394621
11897
639181727228757
2756268517654317
278933
87364
76354772881869976284
288655555778
46253381
7821948
3974164743
2196466646499184
336456719469644
723349299984828
8867312893
789776525231548
22188987427
96917137984832668
1859489624739195
8761336234252
949159
3929979798754717
72318633665114216
91656215854663
2392189985381
27636928225653196
24471585
91382
71883552288764
28222
24774918
36485976281897848631
6828525699583295
85949134759654462584
9723673
44622153
268335746
42334465625
716939859
546753
59682418726
342188751625
973644736935
118438
34729799394574
996861
1292323461
68573144422
568284
1388669
945846
15191139773783
852955254
94886
647453321786
987622279318481
388166355386268
924723258
6953417942688
661729833195764
65229
3279452439
162191445855632532
14685
4628958828653
635545425911
24938673574
27589367746639227
9798175931
4369192616522267
73931
27848442571
695829643922666
95524297684474443
8933673793363672
1538986191646582575
6372315
9965754716
43499194918837291
12156
6432872343
43867215819
628395898244545255
291747163975
834418238
211661761171533
