73
579832434469395384
61568127937683727
53264162
35431725
4316164144752
231179155577311
938529
31638734
56133
568677
3476982466521
611625275124
13855569973
499942773213281
886581371182288558
31987
575177928713784552
4777946
47569135678438853
88686152684
22272897921
124652831841289441
166933
8711476
31993599171535369
21444655813737
9531615494
541986
662474
1253587977432697
17572451475
8868236643914399654
467647916
63185127848
89911
6834158754472436331
38357171244362
98931
996896775678114173
5636514179885319625
1456822835466694
33433639724924827
8922541
363273961
657171874366783
213644722564
67359342522623188449
882621896326578224
649841198992996
36823122326
78365522167
986154
267232747216
65386526887
45693
677238453328
648643296322772
87112588375151
72382521765329425
9263676
698629913
8738489451185584748
1237588
33965
39633558
723658822242985352
618753
449661
845793949499893
76956
2331161874
8113647164
11771683475173619
