48
295576556188237712
635651974394963285
9396496519945621471
392145613261825174
7578868699777
96951391936395468778
3822942433618739497
34872944933
1412183232111753369
5228952852892397
471436679977949177
878828392446242711
93588814424684731975
9573497591
1246677
4618871967
49449659877556
2266975687
6197574654976
9787177742638434
51657433
11359592213457668
8287538752411
176356
76512676
652852752
4451965
767376385
7229339645358556924
629877757352535194
198223343923319818
8824516696
28541791471
87326972171819
6947659
91127
3787141
645465389
37657161122893692
9186177741
3595633238115815514
4477796624
9812987865315945
36659481522359718
449755364
44631448373618
57618463876345241873
2817699244766574
