66
9987385924752924721
8749527
47262
77443719915123685
39527573534943
7257545715164327657
58694863164587
759576591866
429351995
571829796114728
6991511
62121985628263
59438743719927455
139912156497
35636335651
2472111793854721967
5752121523865528277
23837834
7684526848
13564766
893516274665365858
9159261
59777765821111923893
8134771414325257
1422881948188
25811265
19726981127861984614
4742992576
48964562933454
16732923827
2932612
898672589
94625869
8836998939
2126887247575676
134153296
68427391117497
662719698725916549
78366
88943239929192
64579798986495683169
995733519437313917
41546153147298
31662219611
858427897568254179
1676491963279282776
911586815942
64785599255282
3963635635814
12585898817657662
21984195342154353
2811515416788759
238366337
67685593112579217187
29732575393494
392236419694856384
94723
213229
8428752
379399923963843
46247938891
9322122752923311
139738666654
288614
191372471366
241354
