80
4746299897578847953
68289536786
76443271599
648276426378551
22172364561996651442
251545456172768
1435921954143937464
59993555775992
6236857359854
1489299
999215722588
5454572824378512671
3162747897231
461459841576212
62652333381572795952
9518249161632993685
74318932
47561
7558973936882
169144557594
96416828132881851
61997627662
57661283652843372
233268536258163742
6793151114897544118
62524872625932
79866376979144
6112363433994895985
122674418364378432
93157164662751
2839134
38658392
82199437344384
2216512
8178723642299167383
938137498494527
879548
1577972121198769772
456517557
44617172964697
3923757358
237135842386
76686595969195224
992237517373818
2486478754584931881
1784868
784784
415441521
8691142589
15139351953162367
4783199745259
2216456147
74482688983547
9931193285681915
222344
446567437487
634731594884
88299738447469
688574134134939
16551818986
2558123736146942594
162463889
3417656226613
74378453588338258196
2924827393
88923665353957
818591774334885339
99897926341
26123286656933973
67953229754857665
3866798755723894
982547531292328222
3559611936
42257147638849594
22118599233988338154
3313311492488868
29977962
4646293
584339
596283487727611
