68
7617923792585326
23638424452829238
8597264736136749
228611425692
238844637459251845
47386476796163277816
63845936
828391226544348656
57652961
83366467391328
93422551
685262637915
21349212825364
12731362171
63618467562995365
77532944495
79712779258648689642
95418463344
886354521652982277
91522777
5247765666424889
96415941
522535279862
95122725811451
96686737
3977116
6819945
996764148628
558923276362758428
29214395
556915
3938715675
96952775418641349
4335133311177
1718313451994621563
61372355
1398536435239495
66464818
21469894375116766
421225538256
83742474225996795559
55382361821337281188
9219679176399
9532977541189365957
244929
92283785974177713
84727882193619928568
781751791571138
7367351
875252592243873241
27566587
6153424299428564378
3811389179448
4673747612929
88484237763175712
21171211636511619
883618991
228693548468481
4391794834472892298
58344
95115255
571387473251728656
876756574621896
182623
4917432821541237
68351828
16897852794994
64393251646
